51.10959618557422 4.334708054385781
51.11076226429992 4.345478408347039
51.11178824152379 4.340798759109459
51.108150422126876 4.333371326171712
51.11048157707251 4.356991704079975
51.10954972701545 4.337976285397983
51.11211392797732 4.329210766187047
51.10982838025684 4.325646018149517
51.122141489635865 4.3645216807318885
51.12476876503061 4.35252790108867
51.124493911950374 4.345218921804231
51.12390548143575 4.342095570411628
51.12366981314724 4.338784750057205
51.1260223737222 4.33928369357665
51.126805647205565 4.333660732011823
51.127942768966115 4.33409752731133
51.137783180087574 4.384448747380581
51.140839765850416 4.3879479893149105
51.14083981418054 4.387635641935922
51.13480445993779 4.384572745083379
51.13209967753348 4.387444965513997
51.13801725790371 4.391320050956096
51.14217243561403 4.387323801260869
51.14487649597949 4.389136614235635
51.15236246843634 4.385698849294064
51.15389042765334 4.387260884957951
51.155496639343234 4.389635174291532
51.155457272667306 4.391134468186087
51.1527535774420 4.392070594362974
51.1567900299719 4.3858247299998965
51.155770472460205 4.393008722057831
51.15181347404163 4.3900088837574565
51.1648604931895 4.389017710688871
51.16668189090867 4.393766093684753
51.16907185667446 4.390392720756626
51.164144478488765 4.391624268655745
51.17040368485509 4.39320457944288
51.1680729339079 4.3887681522390345
51.16371581786377 4.397533813207883
51.16337944804997 4.388758779662446
51.17554085106285 4.395248892343288
51.178027204260815 4.396772626549252
51.17754950565849 4.399320380894283
51.17666020800216 4.379463395671409
51.18097454452496 4.380802067378677
51.182308139404924 4.378385017218162
51.177269171647445 4.376547688070073
51.176890671225394 4.376050576729184
51.20618935451421 4.38945095605615
51.20903963594356 4.394795234534285
51.21119801299466 4.392630838682442
51.21067221871165 4.390952340188792
51.202979500834644 4.392719430429694
51.200101590497084 4.392896161021087
51.2035606005512 4.396385095960611
51.199935562215586 4.394618467757339