51.091 4.175
51.27 4.186
51.223 4.501
51.367 4.109
51.168 4.615
51.402 4.24
50.911 4.602
51.232 4.63
51.216 4.483
51.318 4.346
51.228 4.2
51.083 4.459
51.252 4.092
51.325 4.332
51.401 4.399
51.149 4.633
51.249 4.265
51.356 4.537
51.36 4.579
51.34 4.419
50.885 4.587
51.474 4.321
51.156 4.282
51.356 4.101
51.416 4.406
50.894 4.384
50.995 4.531
51.326 4.101
50.901 4.191
51.136 4.455
51.163 4.101
51.218 4.406
51.345 4.31
51.028 4.141
51.146 4.576
51.095 4.328
51.02 4.132
51.122 4.372
51.18 4.082
51.178 4.246
51.263 4.469
50.929 4.385
51.012 4.497
51.179 4.163
50.96 4.586
51.055 4.548
51.145 4.529
51.012 4.635
51.144 4.148
51.399 4.15
51.05 4.34
51.391 4.152
50.864 4.107
51.352 4.362
51.239 4.617
50.899 4.48
51.238 4.646
51.156 4.331
51.017 4.256
51.056 4.193
51.221 4.584
50.974 4.328
51.262 4.135
51.351 4.418
51.206 4.186
51.283 4.362
51.337 4.461
51.198 4.305
51.389 4.406
50.837 4.499
51.158 4.524
50.894 4.445
50.873 4.548
50.898 4.624
51.253 4.106
51.068 4.538
51.172 4.415
51.191 4.357
50.874 4.513
51.43 4.612
50.964 4.634
50.871 4.245
51.387 4.473
51.322 4.462
51.116 4.349
51.268 4.156
51.182 4.618
51.33 4.188
51.36 4.542
51.319 4.538
50.96 4.223
51.369 4.267
51.202 4.649
50.949 4.576
51.465 4.515
51.224 4.523
50.902 4.314
51.183 4.524
51.206 4.101
50.916 4.312
51.176 4.194
51.305 4.408
51.145 4.296
51.257 4.331
51.154 4.281
51.161 4.251
51.091 4.643
51.107 4.227
51.344 4.604
51.04 4.088
51.098 4.149
51 4.407
