7646.91
6753.92
7633.11
6738.62
7536.82
7519
7889.69
7787.27
7594.39
7259.84
7055.36
7375.97
7331.77
7286.05
8480.17
7412.34
9446.22
9420.54
8114.12
7852.01
8257.12
9045.26
8374.98
8580.81
8906.19
7655.76
8096.93
8104.12
8669.58
10274.8
9296.54
9364.72
10191.2
9593.82
9977.97
9769.58
8291.25
8749.68
9219.9
9924.7
8789.69
8613.71
9797.77
11035.4
9774.09
10113.2
10498.4
10758.3
9899.43
9250.36
4847.71
5798.96
5736.76
5654.28
5148.08
5461.03
5349.86
4973.33
5325.84
5240.19
5354.88
5886.81
4733.27
5158.41
6087.86
5846.69
5676.14
6805.56
6988.68
6047.92
6138.41
6365.73
6127.24
6269.5
5966.54
6160.52
5702.59
6251.95
7246.64
7656.59
7460.29
6831.46
6937.92
7250.89
6801
7202.52
7492
7118.82
6898.61
7660.74
7237.66
7461.18
8173.48
8698.76
8216.97
7731.23
7882.85
8125.89
8051.83
8028.48
