2147483647	2147483647	2147483647	2147483647	2147483647	2147483647	2147483647	2147483647	2147483647	2147483647	2147483647	2147483647	2147483647	2147483647	2147483647	2147483647	2147483647	2147483647	2147483647	2147483647	2147483647	2147483647	2147483647	2147483647	2147483647	2147483647	2147483647	2147483647	2147483647	2147483647	2147483647	2147483647	2147483647	2147483647	2147483647	2147483647	2147483647	2147483647	2147483647	2147483647	2147483647	2147483647	2147483647	2147483647	2147483647	2147483647	2147483647	2147483647	2147483647	2147483647	2147483647	2147483647	2147483647	2147483647	2147483647	2147483647	2147483647	2147483647	2147483647	2147483647	2147483647	2147483647	2147483647	2147483647	
2147483647	2147483647	2147483647	2147483647	560	118	2147483647	2147483647	2147483647	2147483647	2147483647	2147483647	2147483647	2147483647	2147483647	2147483647	2147483647	2147483647	2147483647	2147483647	2147483647	2147483647	2147483647	2147483647	2147483647	2147483647	2147483647	2147483647	2147483647	2147483647	2147483647	2147483647	2147483647	2147483647	792	844	2147483647	715	780	2147483647	226	322	125	318	303	0	592	295	656	2147483647	843	722	2147483647	2147483647	766	750	2147483647	2147483647	2147483647	2147483647	2147483647	2147483647	2147483647	2147483647	
2147483647	2147483647	2147483647	2147483647	2147483647	854	2147483647	2147483647	2147483647	2147483647	2147483647	2147483647	2147483647	2147483647	2147483647	2147483647	2147483647	2147483647	2147483647	2147483647	2147483647	2147483647	2147483647	2147483647	2147483647	2147483647	2147483647	2147483647	2147483647	2147483647	2147483647	2147483647	2147483647	2147483647	2147483647	2147483647	2147483647	2147483647	2147483647	2147483647	2147483647	2147483647	2147483647	2147483647	2147483647	2147483647	2147483647	2147483647	2147483647	2147483647	2147483647	307	430	514	202	154	2147483647	2147483647	2147483647	2147483647	2147483647	2147483647	2147483647	2147483647	
2147483647	2147483647	2147483647	2147483647	2147483647	2147483647	2147483647	846	2147483647	2147483647	2147483647	2147483647	2147483647	2147483647	2147483647	2147483647	2147483647	2147483647	2147483647	2147483647	2147483647	2147483647	2147483647	2147483647	2147483647	2147483647	2147483647	2147483647	2147483647	2147483647	2147483647	2147483647	2147483647	2147483647	2147483647	2147483647	2147483647	2147483647	2147483647	2147483647	2147483647	2147483647	2147483647	2147483647	2147483647	2147483647	2147483647	2147483647	2147483647	2147483647	2147483647	2147483647	2147483647	2147483647	2147483647	2147483647	2147483647	2147483647	2147483647	2147483647	2147483647	2147483647	2147483647	2147483647	
2147483647	2147483647	2147483647	2147483647	2147483647	2147483647	2147483647	747	2147483647	2147483647	2147483647	2147483647	2147483647	2147483647	2147483647	2147483647	2147483647	2147483647	2147483647	2147483647	2147483647	2147483647	2147483647	2147483647	2147483647	2147483647	2147483647	2147483647	2147483647	2147483647	2147483647	2147483647	2147483647	2147483647	2147483647	2147483647	2147483647	2147483647	2147483647	2147483647	2147483647	2147483647	2147483647	2147483647	2147483647	2147483647	2147483647	2147483647	2147483647	2147483647	2147483647	2147483647	2147483647	2147483647	2147483647	2147483647	2147483647	2147483647	2147483647	2147483647	2147483647	2147483647	2147483647	2147483647	
2147483647	2147483647	2147483647	2147483647	2147483647	2147483647	2147483647	2147483647	2147483647	2147483647	2147483647	2147483647	2147483647	2147483647	2147483647	2147483647	2147483647	2147483647	2147483647	2147483647	2147483647	817	799	708	2147483647	2147483647	2147483647	2147483647	2147483647	2147483647	2147483647	2147483647	2147483647	2147483647	2147483647	2147483647	2147483647	2147483647	2147483647	2147483647	2147483647	2147483647	2147483647	2147483647	2147483647	2147483647	2147483647	2147483647	2147483647	2147483647	2147483647	2147483647	2147483647	2147483647	2147483647	2147483647	2147483647	2147483647	2147483647	2147483647	2147483647	2147483647	2147483647	2147483647	
2147483647	2147483647	2147483647	2147483647	2147483647	2147483647	2147483647	2147483647	2147483647	2147483647	2147483647	2147483647	605	2147483647	2147483647	2147483647	2147483647	821	557	542	784	681	2147483647	2147483647	2147483647	2147483647	2147483647	2147483647	2147483647	2147483647	2147483647	2147483647	2147483647	2147483647	2147483647	2147483647	2147483647	2147483647	2147483647	2147483647	2147483647	2147483647	2147483647	2147483647	2147483647	2147483647	2147483647	2147483647	2147483647	2147483647	2147483647	2147483647	2147483647	2147483647	2147483647	2147483647	2147483647	2147483647	2147483647	2147483647	2147483647	2147483647	2147483647	2147483647	
2147483647	2147483647	2147483647	2147483647	2147483647	2147483647	2147483647	2147483647	2147483647	2147483647	2147483647	2147483647	2147483647	2147483647	2147483647	2147483647	2147483647	2147483647	2147483647	2147483647	2147483647	2147483647	2147483647	2147483647	626	282	318	631	686	332	413	498	2147483647	2147483647	2147483647	2147483647	838	2147483647	2147483647	2147483647	2147483647	2147483647	2147483647	2147483647	2147483647	2147483647	2147483647	2147483647	2147483647	2147483647	2147483647	2147483647	2147483647	2147483647	2147483647	2147483647	2147483647	2147483647	2147483647	2147483647	2147483647	2147483647	2147483647	2147483647	
2147483647	2147483647	2147483647	2147483647	2147483647	2147483647	2147483647	2147483647	2147483647	2147483647	2147483647	2147483647	2147483647	2147483647	2147483647	2147483647	2147483647	785	2147483647	2147483647	2147483647	2147483647	2147483647	2147483647	2147483647	2147483647	2147483647	2147483647	2147483647	2147483647	2147483647	2147483647	2147483647	2147483647	2147483647	2147483647	2147483647	2147483647	2147483647	2147483647	2147483647	2147483647	2147483647	2147483647	2147483647	2147483647	2147483647	2147483647	2147483647	2147483647	2147483647	2147483647	2147483647	2147483647	2147483647	2147483647	2147483647	2147483647	2147483647	2147483647	2147483647	2147483647	2147483647	2147483647	
2147483647	520	2147483647	2147483647	2147483647	2147483647	2147483647	2147483647	2147483647	838	2147483647	2147483647	489	2147483647	2147483647	2147483647	756	2147483647	2147483647	2147483647	2147483647	2147483647	2147483647	2147483647	2147483647	2147483647	2147483647	2147483647	2147483647	2147483647	2147483647	2147483647	2147483647	2147483647	2147483647	2147483647	2147483647	2147483647	2147483647	2147483647	2147483647	2147483647	2147483647	2147483647	2147483647	2147483647	2147483647	2147483647	2147483647	2147483647	2147483647	2147483647	2147483647	2147483647	2147483647	2147483647	2147483647	2147483647	2147483647	2147483647	2147483647	2147483647	2147483647	2147483647	
2147483647	2147483647	2147483647	2147483647	2147483647	2147483647	2147483647	2147483647	2147483647	2147483647	2147483647	2147483647	2147483647	2147483647	2147483647	2147483647	799	217	192	385	539	435	673	765	2147483647	2147483647	2147483647	2147483647	2147483647	2147483647	2147483647	2147483647	2147483647	2147483647	2147483647	2147483647	2147483647	2147483647	2147483647	2147483647	2147483647	2147483647	2147483647	2147483647	2147483647	2147483647	2147483647	2147483647	2147483647	2147483647	2147483647	2147483647	2147483647	2147483647	2147483647	2147483647	2147483647	2147483647	2147483647	2147483647	2147483647	2147483647	2147483647	2147483647	
2147483647	2147483647	2147483647	2147483647	2147483647	2147483647	2147483647	413	2147483647	2147483647	2147483647	2147483647	2147483647	2147483647	2147483647	2147483647	2147483647	2147483647	2147483647	2147483647	2147483647	2147483647	2147483647	2147483647	2147483647	2147483647	2147483647	2147483647	2147483647	2147483647	2147483647	2147483647	2147483647	2147483647	2147483647	2147483647	2147483647	2147483647	2147483647	2147483647	2147483647	2147483647	2147483647	2147483647	2147483647	2147483647	2147483647	2147483647	2147483647	2147483647	2147483647	2147483647	2147483647	2147483647	2147483647	2147483647	2147483647	2147483647	2147483647	2147483647	2147483647	2147483647	2147483647	2147483647	
2147483647	2147483647	2147483647	2147483647	2147483647	2147483647	2147483647	2147483647	2147483647	2147483647	2147483647	2147483647	2147483647	2147483647	2147483647	2147483647	2147483647	2147483647	2147483647	2147483647	2147483647	2147483647	2147483647	2147483647	2147483647	516	552	2147483647	2147483647	627	593	291	658	678	672	622	469	2147483647	618	504	2147483647	2147483647	2147483647	2147483647	2147483647	2147483647	2147483647	2147483647	2147483647	2147483647	2147483647	2147483647	2147483647	2147483647	2147483647	2147483647	2147483647	2147483647	2147483647	2147483647	2147483647	2147483647	2147483647	2147483647	
2147483647	2147483647	2147483647	2147483647	2147483647	2147483647	2147483647	2147483647	669	2147483647	860	602	2147483647	817	478	331	2147483647	2147483647	2147483647	2147483647	2147483647	2147483647	2147483647	2147483647	2147483647	2147483647	2147483647	2147483647	2147483647	2147483647	2147483647	2147483647	2147483647	2147483647	2147483647	2147483647	2147483647	2147483647	2147483647	2147483647	2147483647	2147483647	2147483647	2147483647	2147483647	2147483647	2147483647	2147483647	2147483647	2147483647	2147483647	2147483647	2147483647	2147483647	2147483647	2147483647	2147483647	2147483647	2147483647	2147483647	2147483647	2147483647	2147483647	2147483647	
2147483647	2147483647	2147483647	2147483647	2147483647	2147483647	2147483647	2147483647	2147483647	2147483647	2147483647	2147483647	2147483647	2147483647	2147483647	2147483647	2147483647	2147483647	2147483647	2147483647	2147483647	2147483647	2147483647	2147483647	2147483647	2147483647	2147483647	2147483647	2147483647	2147483647	2147483647	2147483647	2147483647	2147483647	2147483647	2147483647	2147483647	2147483647	2147483647	2147483647	2147483647	2147483647	2147483647	2147483647	2147483647	2147483647	2147483647	2147483647	2147483647	2147483647	2147483647	2147483647	2147483647	2147483647	2147483647	2147483647	210	312	439	661	120	264	225	323	
2147483647	2147483647	2147483647	2147483647	2147483647	2147483647	2147483647	2147483647	2147483647	2147483647	2147483647	720	2147483647	832	2147483647	739	2147483647	2147483647	2147483647	2147483647	2147483647	2147483647	2147483647	2147483647	2147483647	2147483647	2147483647	2147483647	2147483647	2147483647	2147483647	2147483647	2147483647	2147483647	2147483647	2147483647	2147483647	2147483647	2147483647	2147483647	2147483647	2147483647	2147483647	2147483647	2147483647	2147483647	2147483647	2147483647	2147483647	2147483647	2147483647	2147483647	2147483647	2147483647	2147483647	2147483647	2147483647	2147483647	2147483647	2147483647	2147483647	2147483647	2147483647	2147483647	
2147483647	2147483647	2147483647	2147483647	2147483647	2147483647	333	2147483647	2147483647	2147483647	2147483647	2147483647	2147483647	2147483647	2147483647	2147483647	2147483647	2147483647	2147483647	2147483647	2147483647	2147483647	2147483647	2147483647	2147483647	2147483647	2147483647	2147483647	2147483647	2147483647	2147483647	2147483647	2147483647	2147483647	2147483647	2147483647	2147483647	2147483647	2147483647	2147483647	2147483647	2147483647	2147483647	2147483647	2147483647	2147483647	2147483647	2147483647	2147483647	766	822	487	158	309	473	552	2147483647	2147483647	2147483647	2147483647	2147483647	2147483647	2147483647	2147483647	
2147483647	2147483647	2147483647	2147483647	2147483647	2147483647	2147483647	2147483647	2147483647	2147483647	2147483647	2147483647	2147483647	2147483647	2147483647	2147483647	2147483647	2147483647	2147483647	2147483647	2147483647	2147483647	2147483647	2147483647	2147483647	2147483647	2147483647	2147483647	2147483647	2147483647	2147483647	2147483647	2147483647	2147483647	2147483647	2147483647	2147483647	2147483647	2147483647	2147483647	2147483647	2147483647	2147483647	2147483647	855	2147483647	2147483647	2147483647	678	715	632	2147483647	2147483647	2147483647	2147483647	2147483647	2147483647	2147483647	2147483647	2147483647	2147483647	2147483647	2147483647	2147483647	
2147483647	2147483647	2147483647	2147483647	2147483647	2147483647	2147483647	2147483647	2147483647	2147483647	2147483647	2147483647	2147483647	2147483647	2147483647	2147483647	2147483647	2147483647	2147483647	2147483647	2147483647	2147483647	2147483647	2147483647	2147483647	2147483647	2147483647	2147483647	2147483647	2147483647	2147483647	2147483647	2147483647	2147483647	2147483647	2147483647	2147483647	2147483647	2147483647	2147483647	2147483647	2147483647	2147483647	2147483647	2147483647	2147483647	549	2147483647	2147483647	2147483647	2147483647	2147483647	2147483647	2147483647	2147483647	2147483647	2147483647	2147483647	2147483647	2147483647	2147483647	2147483647	2147483647	2147483647	
2147483647	2147483647	2147483647	557	2147483647	2147483647	2147483647	2147483647	2147483647	2147483647	2147483647	2147483647	2147483647	2147483647	2147483647	2147483647	2147483647	2147483647	2147483647	2147483647	2147483647	2147483647	2147483647	2147483647	750	758	722	2147483647	2147483647	800	725	753	2147483647	2147483647	2147483647	2147483647	2147483647	2147483647	2147483647	2147483647	2147483647	2147483647	2147483647	2147483647	2147483647	2147483647	2147483647	2147483647	2147483647	2147483647	2147483647	2147483647	2147483647	2147483647	2147483647	2147483647	2147483647	2147483647	2147483647	2147483647	2147483647	2147483647	2147483647	2147483647	
2147483647	2147483647	796	2147483647	2147483647	2147483647	2147483647	2147483647	2147483647	2147483647	2147483647	2147483647	2147483647	2147483647	2147483647	2147483647	2147483647	2147483647	2147483647	2147483647	2147483647	2147483647	2147483647	2147483647	829	2147483647	2147483647	658	431	2147483647	2147483647	2147483647	2147483647	2147483647	2147483647	2147483647	2147483647	2147483647	2147483647	2147483647	2147483647	2147483647	2147483647	2147483647	2147483647	2147483647	2147483647	2147483647	2147483647	2147483647	2147483647	2147483647	2147483647	2147483647	2147483647	2147483647	2147483647	2147483647	2147483647	2147483647	2147483647	2147483647	2147483647	2147483647	
2147483647	2147483647	2147483647	395	2147483647	2147483647	2147483647	2147483647	2147483647	2147483647	2147483647	2147483647	2147483647	2147483647	2147483647	2147483647	2147483647	2147483647	2147483647	2147483647	2147483647	2147483647	2147483647	2147483647	588	596	560	711	2147483647	638	563	591	2147483647	2147483647	2147483647	2147483647	2147483647	2147483647	2147483647	2147483647	2147483647	2147483647	2147483647	2147483647	2147483647	2147483647	2147483647	2147483647	2147483647	2147483647	2147483647	2147483647	2147483647	2147483647	2147483647	2147483647	2147483647	2147483647	2147483647	2147483647	2147483647	2147483647	2147483647	2147483647	
2147483647	2147483647	2147483647	773	836	2147483647	2147483647	2147483647	2147483647	2147483647	2147483647	2147483647	2147483647	2147483647	2147483647	2147483647	2147483647	2147483647	2147483647	2147483647	2147483647	2147483647	2147483647	2147483647	2147483647	2147483647	2147483647	2147483647	2147483647	2147483647	2147483647	719	348	301	243	210	40	547	330	195	2147483647	2147483647	2147483647	2147483647	2147483647	2147483647	804	748	2147483647	2147483647	2147483647	2147483647	2147483647	2147483647	2147483647	2147483647	2147483647	2147483647	2147483647	2147483647	2147483647	2147483647	2147483647	2147483647	
2147483647	2147483647	2147483647	2147483647	2147483647	2147483647	2147483647	2147483647	2147483647	2147483647	2147483647	2147483647	2147483647	2147483647	2147483647	2147483647	2147483647	2147483647	2147483647	2147483647	2147483647	2147483647	2147483647	2147483647	2147483647	2147483647	2147483647	2147483647	2147483647	2147483647	2147483647	2147483647	2147483647	2147483647	2147483647	2147483647	2147483647	2147483647	807	2147483647	591	528	709	483	645	759	167	505	2147483647	2147483647	2147483647	2147483647	2147483647	2147483647	2147483647	2147483647	2147483647	2147483647	2147483647	2147483647	2147483647	2147483647	2147483647	2147483647	
2147483647	2147483647	2147483647	2147483647	2147483647	2147483647	2147483647	860	2147483647	2147483647	2147483647	2147483647	2147483647	2147483647	2147483647	2147483647	2147483647	2147483647	2147483647	2147483647	2147483647	2147483647	2147483647	2147483647	2147483647	2147483647	2147483647	2147483647	2147483647	2147483647	2147483647	2147483647	2147483647	2147483647	2147483647	2147483647	2147483647	2147483647	2147483647	2147483647	2147483647	2147483647	2147483647	2147483647	2147483647	2147483647	2147483647	2147483647	2147483647	2147483647	2147483647	2147483647	2147483647	2147483647	2147483647	2147483647	633	356	357	438	771	2147483647	716	2147483647	
2147483647	2147483647	2147483647	723	511	624	2147483647	2147483647	2147483647	2147483647	2147483647	2147483647	2147483647	2147483647	2147483647	2147483647	2147483647	2147483647	2147483647	2147483647	2147483647	2147483647	2147483647	2147483647	2147483647	2147483647	2147483647	2147483647	2147483647	2147483647	2147483647	2147483647	492	457	336	388	539	123	487	617	577	788	721	609	2147483647	596	775	437	2147483647	2147483647	2147483647	2147483647	2147483647	2147483647	2147483647	2147483647	2147483647	2147483647	2147483647	2147483647	2147483647	2147483647	2147483647	2147483647	
2147483647	2147483647	2147483647	369	432	2147483647	2147483647	2147483647	2147483647	2147483647	2147483647	2147483647	2147483647	2147483647	2147483647	2147483647	2147483647	2147483647	2147483647	2147483647	2147483647	2147483647	2147483647	2147483647	2147483647	2147483647	2147483647	2147483647	2147483647	2147483647	2147483647	862	149	273	394	454	493	502	577	329	2147483647	2147483647	2147483647	2147483647	2147483647	2147483647	2147483647	807	2147483647	2147483647	2147483647	2147483647	2147483647	2147483647	2147483647	2147483647	2147483647	2147483647	2147483647	2147483647	2147483647	2147483647	2147483647	2147483647	
2147483647	2147483647	2147483647	2147483647	2147483647	2147483647	753	2147483647	2147483647	2147483647	2147483647	2147483647	2147483647	2147483647	2147483647	2147483647	2147483647	2147483647	2147483647	2147483647	2147483647	2147483647	2147483647	2147483647	2147483647	2147483647	2147483647	2147483647	2147483647	2147483647	2147483647	2147483647	2147483647	2147483647	2147483647	2147483647	2147483647	2147483647	2147483647	2147483647	2147483647	2147483647	2147483647	2147483647	2147483647	2147483647	2147483647	2147483647	2147483647	2147483647	2147483647	741	490	352	687	730	2147483647	2147483647	2147483647	2147483647	2147483647	2147483647	2147483647	2147483647	
2147483647	2147483647	2147483647	2147483647	2147483647	2147483647	151	2147483647	2147483647	2147483647	2147483647	2147483647	2147483647	2147483647	2147483647	2147483647	2147483647	2147483647	2147483647	2147483647	2147483647	2147483647	2147483647	2147483647	2147483647	2147483647	2147483647	2147483647	2147483647	2147483647	2147483647	2147483647	2147483647	2147483647	2147483647	2147483647	2147483647	2147483647	2147483647	2147483647	2147483647	2147483647	2147483647	2147483647	2147483647	2147483647	2147483647	2147483647	2147483647	722	777	728	399	433	714	794	2147483647	2147483647	2147483647	2147483647	2147483647	2147483647	2147483647	2147483647	
2147483647	2147483647	2147483647	2147483647	2147483647	2147483647	601	2147483647	2147483647	2147483647	2147483647	2147483647	2147483647	2147483647	2147483647	2147483647	2147483647	2147483647	2147483647	2147483647	2147483647	2147483647	2147483647	2147483647	2147483647	2147483647	2147483647	2147483647	2147483647	2147483647	2147483647	2147483647	2147483647	2147483647	2147483647	2147483647	2147483647	2147483647	2147483647	2147483647	2147483647	705	709	2147483647	527	830	2147483647	2147483647	174	34	165	714	832	2147483647	835	2147483647	2147483647	2147483647	2147483647	2147483647	2147483647	2147483647	2147483647	2147483647	
720	750	2147483647	2147483647	2147483647	2147483647	2147483647	2147483647	2147483647	2147483647	2147483647	2147483647	2147483647	2147483647	2147483647	2147483647	2147483647	2147483647	2147483647	2147483647	2147483647	2147483647	2147483647	2147483647	2147483647	2147483647	2147483647	2147483647	2147483647	2147483647	2147483647	2147483647	2147483647	2147483647	2147483647	2147483647	2147483647	2147483647	2147483647	2147483647	2147483647	2147483647	2147483647	2147483647	2147483647	2147483647	2147483647	2147483647	2147483647	2147483647	2147483647	2147483647	2147483647	2147483647	2147483647	2147483647	2147483647	2147483647	2147483647	2147483647	2147483647	2147483647	2147483647	2147483647	
2147483647	2147483647	2147483647	2147483647	2147483647	2147483647	2147483647	2147483647	2147483647	2147483647	2147483647	2147483647	2147483647	2147483647	2147483647	2147483647	2147483647	2147483647	2147483647	2147483647	2147483647	2147483647	2147483647	2147483647	2147483647	2147483647	2147483647	2147483647	2147483647	2147483647	2147483647	2147483647	2147483647	2147483647	2147483647	2147483647	2147483647	2147483647	2147483647	2147483647	2147483647	2147483647	2147483647	2147483647	2147483647	2147483647	2147483647	2147483647	2147483647	2147483647	2147483647	2147483647	2147483647	2147483647	2147483647	2147483647	469	295	432	643	411	578	354	597	
2147483647	2147483647	2147483647	2147483647	2147483647	2147483647	691	2147483647	2147483647	2147483647	2147483647	2147483647	2147483647	2147483647	2147483647	2147483647	2147483647	2147483647	2147483647	2147483647	2147483647	2147483647	2147483647	2147483647	2147483647	2147483647	2147483647	2147483647	2147483647	2147483647	2147483647	2147483647	2147483647	2147483647	2147483647	2147483647	2147483647	2147483647	2147483647	2147483647	2147483647	2147483647	2147483647	2147483647	2147483647	2147483647	2147483647	2147483647	2147483647	784	741	2147483647	2147483647	2147483647	2147483647	2147483647	2147483647	2147483647	2147483647	2147483647	2147483647	2147483647	2147483647	2147483647	
2147483647	2147483647	677	2147483647	2147483647	2147483647	2147483647	2147483647	2147483647	2147483647	2147483647	2147483647	2147483647	2147483647	2147483647	2147483647	693	745	2147483647	2147483647	2147483647	2147483647	2147483647	2147483647	2147483647	2147483647	2147483647	2147483647	2147483647	2147483647	2147483647	2147483647	2147483647	2147483647	2147483647	2147483647	2147483647	2147483647	2147483647	2147483647	2147483647	2147483647	2147483647	2147483647	2147483647	2147483647	2147483647	2147483647	2147483647	2147483647	2147483647	2147483647	2147483647	2147483647	2147483647	2147483647	2147483647	2147483647	2147483647	2147483647	2147483647	2147483647	2147483647	2147483647	
2147483647	2147483647	2147483647	2147483647	2147483647	2147483647	2147483647	2147483647	2147483647	2147483647	2147483647	2147483647	2147483647	2147483647	725	2147483647	2147483647	2147483647	2147483647	2147483647	583	686	611	702	2147483647	2147483647	2147483647	2147483647	2147483647	2147483647	2147483647	2147483647	2147483647	2147483647	2147483647	2147483647	2147483647	2147483647	2147483647	2147483647	2147483647	2147483647	2147483647	2147483647	2147483647	2147483647	2147483647	2147483647	2147483647	2147483647	2147483647	2147483647	2147483647	2147483647	2147483647	2147483647	2147483647	2147483647	2147483647	2147483647	2147483647	2147483647	2147483647	2147483647	
2147483647	2147483647	2147483647	2147483647	2147483647	2147483647	2147483647	2147483647	504	2147483647	695	457	2147483647	652	190	275	2147483647	2147483647	2147483647	2147483647	2147483647	2147483647	2147483647	2147483647	2147483647	2147483647	2147483647	2147483647	2147483647	2147483647	2147483647	2147483647	2147483647	2147483647	2147483647	2147483647	2147483647	2147483647	2147483647	2147483647	2147483647	2147483647	2147483647	2147483647	2147483647	2147483647	2147483647	2147483647	2147483647	2147483647	2147483647	2147483647	2147483647	2147483647	2147483647	2147483647	2147483647	2147483647	2147483647	2147483647	2147483647	2147483647	2147483647	2147483647	
2147483647	2147483647	2147483647	2147483647	2147483647	2147483647	2147483647	2147483647	2147483647	2147483647	2147483647	2147483647	2147483647	2147483647	2147483647	2147483647	2147483647	2147483647	2147483647	852	743	640	622	531	2147483647	2147483647	2147483647	2147483647	2147483647	2147483647	2147483647	2147483647	2147483647	2147483647	2147483647	2147483647	2147483647	2147483647	2147483647	2147483647	2147483647	2147483647	2147483647	2147483647	2147483647	2147483647	2147483647	2147483647	2147483647	2147483647	2147483647	2147483647	2147483647	2147483647	2147483647	2147483647	2147483647	2147483647	2147483647	2147483647	2147483647	2147483647	2147483647	2147483647	
2147483647	2147483647	2147483647	2147483647	2147483647	2147483647	686	2147483647	2147483647	2147483647	2147483647	2147483647	2147483647	2147483647	2147483647	2147483647	2147483647	2147483647	2147483647	2147483647	2147483647	2147483647	2147483647	2147483647	2147483647	2147483647	2147483647	2147483647	2147483647	2147483647	2147483647	2147483647	2147483647	2147483647	2147483647	2147483647	2147483647	2147483647	2147483647	2147483647	2147483647	2147483647	2147483647	2147483647	2147483647	2147483647	2147483647	2147483647	2147483647	2147483647	2147483647	2147483647	2147483647	2147483647	2147483647	2147483647	2147483647	2147483647	2147483647	2147483647	2147483647	2147483647	2147483647	2147483647	
2147483647	2147483647	2147483647	651	2147483647	2147483647	2147483647	2147483647	2147483647	2147483647	2147483647	2147483647	2147483647	2147483647	2147483647	2147483647	2147483647	2147483647	2147483647	2147483647	2147483647	2147483647	2147483647	2147483647	695	338	373	2147483647	2147483647	543	391	64	2147483647	2147483647	2147483647	2147483647	825	2147483647	2147483647	860	2147483647	2147483647	2147483647	2147483647	2147483647	2147483647	2147483647	2147483647	2147483647	2147483647	2147483647	2147483647	2147483647	2147483647	2147483647	2147483647	2147483647	2147483647	2147483647	2147483647	2147483647	2147483647	2147483647	2147483647	
2147483647	2147483647	2147483647	2147483647	2147483647	2147483647	636	2147483647	2147483647	2147483647	2147483647	2147483647	2147483647	2147483647	2147483647	2147483647	2147483647	2147483647	2147483647	2147483647	2147483647	2147483647	2147483647	2147483647	2147483647	2147483647	2147483647	2147483647	2147483647	2147483647	2147483647	2147483647	2147483647	2147483647	2147483647	2147483647	2147483647	2147483647	2147483647	2147483647	2147483647	2147483647	2147483647	2147483647	2147483647	2147483647	2147483647	2147483647	2147483647	2147483647	2147483647	2147483647	2147483647	2147483647	2147483647	2147483647	2147483647	2147483647	2147483647	2147483647	2147483647	2147483647	2147483647	798	
2147483647	2147483647	2147483647	2147483647	858	2147483647	2147483647	2147483647	2147483647	2147483647	2147483647	2147483647	2147483647	2147483647	2147483647	2147483647	2147483647	2147483647	2147483647	2147483647	2147483647	2147483647	2147483647	2147483647	2147483647	2147483647	2147483647	2147483647	2147483647	2147483647	2147483647	2147483647	706	830	2147483647	2147483647	2147483647	2147483647	2147483647	2147483647	2147483647	2147483647	2147483647	2147483647	2147483647	2147483647	2147483647	2147483647	2147483647	2147483647	2147483647	2147483647	2147483647	2147483647	2147483647	2147483647	2147483647	2147483647	2147483647	2147483647	2147483647	2147483647	2147483647	2147483647	
2147483647	2147483647	2147483647	618	573	2147483647	2147483647	2147483647	2147483647	2147483647	2147483647	2147483647	2147483647	2147483647	2147483647	2147483647	2147483647	2147483647	2147483647	2147483647	2147483647	2147483647	2147483647	2147483647	2147483647	2147483647	2147483647	2147483647	2147483647	2147483647	2147483647	2147483647	420	545	665	725	764	693	849	600	2147483647	2147483647	2147483647	2147483647	2147483647	2147483647	2147483647	2147483647	2147483647	2147483647	2147483647	2147483647	2147483647	2147483647	2147483647	2147483647	2147483647	2147483647	2147483647	2147483647	2147483647	2147483647	2147483647	2147483647	
2147483647	731	2147483647	2147483647	2147483647	2147483647	2147483647	2147483647	2147483647	2147483647	2147483647	2147483647	653	2147483647	2147483647	2147483647	418	657	2147483647	2147483647	2147483647	2147483647	2147483647	2147483647	2147483647	2147483647	2147483647	2147483647	2147483647	2147483647	2147483647	2147483647	2147483647	2147483647	2147483647	2147483647	2147483647	2147483647	2147483647	2147483647	2147483647	2147483647	2147483647	2147483647	2147483647	2147483647	2147483647	2147483647	2147483647	2147483647	2147483647	2147483647	2147483647	2147483647	2147483647	2147483647	2147483647	2147483647	2147483647	2147483647	2147483647	2147483647	2147483647	2147483647	
2147483647	2147483647	2147483647	2147483647	2147483647	2147483647	725	2147483647	2147483647	2147483647	2147483647	2147483647	2147483647	2147483647	2147483647	2147483647	2147483647	2147483647	2147483647	2147483647	2147483647	2147483647	2147483647	2147483647	2147483647	2147483647	2147483647	2147483647	2147483647	2147483647	2147483647	2147483647	2147483647	2147483647	2147483647	2147483647	2147483647	2147483647	2147483647	2147483647	2147483647	2147483647	2147483647	2147483647	2147483647	2147483647	2147483647	2147483647	2147483647	2147483647	845	2147483647	2147483647	2147483647	2147483647	2147483647	2147483647	2147483647	2147483647	2147483647	2147483647	2147483647	2147483647	2147483647	
2147483647	2147483647	2147483647	2147483647	2147483647	2147483647	2147483647	485	2147483647	2147483647	2147483647	2147483647	2147483647	2147483647	2147483647	2147483647	2147483647	2147483647	2147483647	2147483647	2147483647	2147483647	2147483647	2147483647	2147483647	2147483647	2147483647	2147483647	2147483647	2147483647	2147483647	2147483647	2147483647	2147483647	2147483647	2147483647	2147483647	2147483647	2147483647	2147483647	2147483647	2147483647	2147483647	2147483647	2147483647	2147483647	2147483647	2147483647	2147483647	2147483647	2147483647	2147483647	2147483647	2147483647	2147483647	2147483647	2147483647	2147483647	2147483647	2147483647	2147483647	2147483647	2147483647	2147483647	
2147483647	2147483647	2147483647	2147483647	2147483647	2147483647	2147483647	848	2147483647	2147483647	2147483647	2147483647	2147483647	2147483647	2147483647	2147483647	2147483647	2147483647	2147483647	2147483647	2147483647	2147483647	2147483647	2147483647	2147483647	2147483647	2147483647	2147483647	2147483647	2147483647	2147483647	2147483647	2147483647	2147483647	2147483647	2147483647	2147483647	2147483647	2147483647	2147483647	2147483647	2147483647	2147483647	2147483647	2147483647	2147483647	2147483647	2147483647	2147483647	2147483647	2147483647	2147483647	2147483647	2147483647	2147483647	2147483647	2147483647	2147483647	2147483647	2147483647	2147483647	2147483647	2147483647	2147483647	
2147483647	2147483647	2147483647	2147483647	2147483647	2147483647	2147483647	2147483647	745	2147483647	2147483647	732	2147483647	2147483647	416	565	2147483647	2147483647	2147483647	2147483647	2147483647	2147483647	2147483647	2147483647	2147483647	2147483647	2147483647	2147483647	2147483647	2147483647	2147483647	2147483647	2147483647	2147483647	2147483647	2147483647	2147483647	2147483647	2147483647	2147483647	2147483647	2147483647	2147483647	2147483647	2147483647	2147483647	2147483647	2147483647	2147483647	2147483647	2147483647	2147483647	2147483647	2147483647	2147483647	2147483647	2147483647	2147483647	2147483647	2147483647	2147483647	2147483647	2147483647	2147483647	
2147483647	2147483647	2147483647	2147483647	2147483647	844	2147483647	2147483647	2147483647	2147483647	2147483647	2147483647	2147483647	2147483647	2147483647	2147483647	2147483647	2147483647	2147483647	2147483647	2147483647	2147483647	2147483647	2147483647	2147483647	2147483647	2147483647	2147483647	2147483647	2147483647	2147483647	2147483647	2147483647	2147483647	2147483647	2147483647	2147483647	2147483647	2147483647	2147483647	2147483647	2147483647	2147483647	2147483647	2147483647	2147483647	2147483647	2147483647	2147483647	2147483647	2147483647	855	2147483647	2147483647	2147483647	827	2147483647	2147483647	2147483647	2147483647	2147483647	2147483647	2147483647	2147483647	
2147483647	2147483647	2147483647	2147483647	2147483647	2147483647	2147483647	755	2147483647	2147483647	2147483647	2147483647	2147483647	2147483647	2147483647	2147483647	2147483647	2147483647	2147483647	2147483647	2147483647	2147483647	2147483647	2147483647	2147483647	2147483647	2147483647	2147483647	2147483647	2147483647	2147483647	2147483647	2147483647	2147483647	2147483647	2147483647	2147483647	2147483647	2147483647	2147483647	2147483647	2147483647	2147483647	2147483647	2147483647	2147483647	2147483647	2147483647	2147483647	2147483647	2147483647	2147483647	2147483647	2147483647	2147483647	2147483647	2147483647	2147483647	2147483647	2147483647	2147483647	2147483647	2147483647	2147483647	
2147483647	2147483647	2147483647	2147483647	2147483647	2147483647	2147483647	2147483647	2147483647	2147483647	2147483647	2147483647	2147483647	2147483647	2147483647	2147483647	2147483647	2147483647	2147483647	2147483647	847	2147483647	2147483647	2147483647	2147483647	2147483647	2147483647	2147483647	2147483647	2147483647	2147483647	2147483647	2147483647	2147483647	2147483647	2147483647	2147483647	2147483647	2147483647	2147483647	2147483647	2147483647	2147483647	2147483647	2147483647	2147483647	2147483647	2147483647	2147483647	2147483647	2147483647	2147483647	2147483647	2147483647	2147483647	2147483647	2147483647	2147483647	2147483647	2147483647	2147483647	2147483647	2147483647	2147483647	
773	803	2147483647	2147483647	2147483647	2147483647	2147483647	2147483647	2147483647	2147483647	2147483647	2147483647	2147483647	2147483647	2147483647	2147483647	2147483647	2147483647	2147483647	2147483647	2147483647	2147483647	2147483647	2147483647	2147483647	2147483647	2147483647	2147483647	2147483647	2147483647	2147483647	2147483647	2147483647	2147483647	2147483647	2147483647	2147483647	2147483647	2147483647	2147483647	2147483647	2147483647	2147483647	2147483647	2147483647	2147483647	2147483647	2147483647	2147483647	2147483647	2147483647	2147483647	2147483647	2147483647	2147483647	2147483647	2147483647	2147483647	2147483647	2147483647	2147483647	2147483647	2147483647	2147483647	
2147483647	2147483647	2147483647	2147483647	2147483647	2147483647	2147483647	266	2147483647	2147483647	2147483647	2147483647	2147483647	2147483647	2147483647	2147483647	2147483647	2147483647	2147483647	2147483647	2147483647	2147483647	2147483647	2147483647	2147483647	2147483647	2147483647	2147483647	2147483647	2147483647	2147483647	2147483647	2147483647	2147483647	2147483647	2147483647	2147483647	2147483647	2147483647	2147483647	2147483647	2147483647	2147483647	2147483647	2147483647	2147483647	2147483647	2147483647	2147483647	2147483647	2147483647	2147483647	2147483647	2147483647	2147483647	2147483647	2147483647	2147483647	2147483647	2147483647	2147483647	2147483647	2147483647	2147483647	
2147483647	2147483647	2147483647	2147483647	2147483647	2147483647	2147483647	2147483647	2147483647	2147483647	2147483647	2147483647	2147483647	2147483647	2147483647	2147483647	2147483647	2147483647	2147483647	2147483647	835	731	713	622	2147483647	2147483647	2147483647	2147483647	2147483647	2147483647	2147483647	2147483647	2147483647	2147483647	2147483647	2147483647	2147483647	2147483647	2147483647	2147483647	2147483647	2147483647	2147483647	2147483647	2147483647	2147483647	2147483647	2147483647	2147483647	2147483647	2147483647	2147483647	2147483647	2147483647	2147483647	2147483647	2147483647	2147483647	2147483647	2147483647	2147483647	2147483647	2147483647	2147483647	
2147483647	2147483647	2147483647	2147483647	2147483647	2147483647	2147483647	2147483647	2147483647	2147483647	2147483647	2147483647	2147483647	2147483647	2147483647	2147483647	2147483647	2147483647	2147483647	2147483647	2147483647	2147483647	2147483647	2147483647	2147483647	2147483647	2147483647	2147483647	2147483647	2147483647	2147483647	2147483647	2147483647	2147483647	2147483647	2147483647	2147483647	2147483647	2147483647	2147483647	2147483647	2147483647	2147483647	2147483647	2147483647	2147483647	2147483647	2147483647	2147483647	2147483647	2147483647	2147483647	2147483647	750	784	747	2147483647	2147483647	2147483647	2147483647	2147483647	2147483647	2147483647	2147483647	
2147483647	2147483647	779	2147483647	2147483647	2147483647	2147483647	2147483647	2147483647	2147483647	2147483647	2147483647	2147483647	2147483647	2147483647	2147483647	2147483647	2147483647	2147483647	2147483647	2147483647	2147483647	2147483647	2147483647	814	2147483647	2147483647	627	336	2147483647	2147483647	2147483647	2147483647	2147483647	2147483647	2147483647	2147483647	2147483647	2147483647	2147483647	2147483647	2147483647	2147483647	2147483647	2147483647	2147483647	2147483647	2147483647	2147483647	2147483647	2147483647	2147483647	2147483647	2147483647	2147483647	2147483647	2147483647	2147483647	2147483647	2147483647	2147483647	2147483647	2147483647	2147483647	
2147483647	402	2147483647	2147483647	2147483647	2147483647	2147483647	2147483647	2147483647	2147483647	2147483647	2147483647	782	2147483647	2147483647	2147483647	2147483647	2147483647	2147483647	2147483647	2147483647	2147483647	2147483647	2147483647	2147483647	2147483647	2147483647	2147483647	2147483647	2147483647	2147483647	2147483647	2147483647	2147483647	2147483647	2147483647	2147483647	2147483647	2147483647	2147483647	2147483647	2147483647	2147483647	2147483647	2147483647	2147483647	2147483647	2147483647	2147483647	2147483647	2147483647	2147483647	2147483647	2147483647	2147483647	2147483647	2147483647	2147483647	2147483647	2147483647	2147483647	2147483647	2147483647	2147483647	
2147483647	2147483647	2147483647	2147483647	2147483647	667	2147483647	2147483647	2147483647	2147483647	2147483647	2147483647	2147483647	2147483647	2147483647	2147483647	2147483647	2147483647	2147483647	2147483647	2147483647	2147483647	2147483647	2147483647	2147483647	2147483647	2147483647	2147483647	2147483647	2147483647	2147483647	2147483647	2147483647	2147483647	2147483647	2147483647	2147483647	2147483647	2147483647	2147483647	646	423	461	640	329	549	552	784	537	743	660	2147483647	2147483647	2147483647	2147483647	2147483647	2147483647	2147483647	2147483647	2147483647	2147483647	2147483647	2147483647	2147483647	
2147483647	2147483647	2147483647	2147483647	380	218	2147483647	2147483647	2147483647	2147483647	2147483647	2147483647	2147483647	2147483647	2147483647	2147483647	2147483647	2147483647	2147483647	2147483647	2147483647	2147483647	2147483647	2147483647	2147483647	2147483647	2147483647	2147483647	2147483647	2147483647	2147483647	2147483647	2147483647	758	637	689	840	531	739	2147483647	192	376	310	313	487	184	592	254	812	2147483647	2147483647	822	2147483647	2147483647	2147483647	851	2147483647	2147483647	2147483647	2147483647	2147483647	2147483647	2147483647	2147483647	
2147483647	2147483647	2147483647	2147483647	2147483647	2147483647	2147483647	2147483647	2147483647	2147483647	2147483647	2147483647	2147483647	2147483647	2147483647	2147483647	2147483647	2147483647	2147483647	2147483647	2147483647	2147483647	2147483647	2147483647	2147483647	2147483647	2147483647	2147483647	2147483647	2147483647	2147483647	2147483647	2147483647	2147483647	2147483647	2147483647	2147483647	2147483647	2147483647	2147483647	2147483647	2147483647	2147483647	2147483647	2147483647	2147483647	2147483647	2147483647	2147483647	2147483647	2147483647	2147483647	2147483647	2147483647	809	762	2147483647	2147483647	2147483647	2147483647	2147483647	2147483647	2147483647	2147483647	
2147483647	2147483647	2147483647	2147483647	2147483647	2147483647	2147483647	466	2147483647	2147483647	2147483647	2147483647	2147483647	2147483647	2147483647	2147483647	2147483647	2147483647	2147483647	2147483647	2147483647	2147483647	2147483647	2147483647	2147483647	2147483647	2147483647	2147483647	2147483647	2147483647	2147483647	2147483647	2147483647	2147483647	2147483647	2147483647	2147483647	2147483647	2147483647	2147483647	2147483647	2147483647	2147483647	2147483647	2147483647	2147483647	2147483647	2147483647	2147483647	2147483647	2147483647	2147483647	2147483647	2147483647	2147483647	2147483647	2147483647	2147483647	2147483647	2147483647	2147483647	2147483647	2147483647	2147483647	
2147483647	2147483647	2147483647	2147483647	539	434	2147483647	2147483647	2147483647	2147483647	2147483647	2147483647	2147483647	2147483647	2147483647	2147483647	2147483647	2147483647	2147483647	2147483647	2147483647	2147483647	2147483647	2147483647	2147483647	2147483647	2147483647	2147483647	2147483647	2147483647	2147483647	2147483647	2147483647	754	633	685	836	659	614	2147483647	90	282	314	45	482	316	334	133	794	2147483647	2147483647	2147483647	2147483647	2147483647	2147483647	2147483647	2147483647	2147483647	2147483647	2147483647	2147483647	2147483647	2147483647	2147483647	
2147483647	2147483647	2147483647	2147483647	701	708	2147483647	2147483647	2147483647	2147483647	2147483647	2147483647	2147483647	2147483647	2147483647	2147483647	2147483647	2147483647	2147483647	2147483647	2147483647	2147483647	2147483647	2147483647	2147483647	2147483647	2147483647	2147483647	2147483647	2147483647	2147483647	2147483647	720	596	475	484	622	771	375	755	380	409	542	272	652	590	268	295	2147483647	2147483647	2147483647	2147483647	2147483647	2147483647	2147483647	2147483647	2147483647	2147483647	2147483647	2147483647	2147483647	2147483647	2147483647	2147483647	
2147483647	2147483647	2147483647	2147483647	2147483647	2147483647	2147483647	726	2147483647	2147483647	2147483647	2147483647	2147483647	2147483647	2147483647	2147483647	2147483647	2147483647	2147483647	2147483647	2147483647	2147483647	2147483647	2147483647	2147483647	2147483647	2147483647	2147483647	2147483647	2147483647	2147483647	2147483647	2147483647	2147483647	2147483647	2147483647	2147483647	2147483647	2147483647	2147483647	2147483647	2147483647	2147483647	2147483647	2147483647	2147483647	2147483647	2147483647	2147483647	2147483647	2147483647	2147483647	2147483647	2147483647	2147483647	2147483647	2147483647	2147483647	2147483647	2147483647	2147483647	2147483647	2147483647	2147483647	
2147483647	2147483647	2147483647	2147483647	2147483647	2147483647	2147483647	2147483647	2147483647	2147483647	2147483647	2147483647	2147483647	2147483647	2147483647	2147483647	2147483647	2147483647	2147483647	2147483647	2147483647	2147483647	2147483647	2147483647	2147483647	2147483647	2147483647	818	717	2147483647	2147483647	2147483647	2147483647	2147483647	2147483647	2147483647	2147483647	2147483647	2147483647	2147483647	2147483647	2147483647	2147483647	2147483647	2147483647	2147483647	2147483647	2147483647	2147483647	2147483647	2147483647	2147483647	2147483647	2147483647	2147483647	2147483647	2147483647	2147483647	2147483647	2147483647	2147483647	2147483647	2147483647	2147483647	
2147483647	309	781	2147483647	2147483647	2147483647	2147483647	2147483647	2147483647	2147483647	2147483647	2147483647	2147483647	2147483647	2147483647	2147483647	2147483647	2147483647	2147483647	2147483647	2147483647	2147483647	2147483647	2147483647	2147483647	2147483647	2147483647	2147483647	2147483647	2147483647	2147483647	2147483647	2147483647	2147483647	2147483647	2147483647	2147483647	2147483647	2147483647	2147483647	2147483647	2147483647	2147483647	2147483647	2147483647	2147483647	2147483647	2147483647	2147483647	2147483647	2147483647	2147483647	2147483647	2147483647	2147483647	2147483647	2147483647	2147483647	2147483647	2147483647	2147483647	2147483647	2147483647	2147483647	
2147483647	2147483647	2147483647	2147483647	2147483647	2147483647	2147483647	692	2147483647	2147483647	2147483647	2147483647	2147483647	2147483647	2147483647	2147483647	2147483647	2147483647	2147483647	2147483647	2147483647	2147483647	2147483647	2147483647	2147483647	2147483647	2147483647	2147483647	2147483647	2147483647	2147483647	2147483647	2147483647	2147483647	2147483647	2147483647	2147483647	2147483647	2147483647	2147483647	2147483647	2147483647	2147483647	2147483647	2147483647	2147483647	2147483647	2147483647	2147483647	2147483647	2147483647	2147483647	2147483647	2147483647	2147483647	2147483647	756	554	661	796	660	789	565	804	
2147483647	2147483647	2147483647	2147483647	2147483647	2147483647	2147483647	390	2147483647	2147483647	2147483647	2147483647	2147483647	2147483647	2147483647	2147483647	2147483647	2147483647	2147483647	2147483647	2147483647	2147483647	2147483647	2147483647	2147483647	2147483647	2147483647	2147483647	2147483647	2147483647	2147483647	2147483647	2147483647	2147483647	2147483647	2147483647	2147483647	2147483647	2147483647	2147483647	2147483647	2147483647	2147483647	2147483647	2147483647	2147483647	2147483647	2147483647	2147483647	2147483647	2147483647	2147483647	2147483647	2147483647	2147483647	2147483647	2147483647	2147483647	2147483647	2147483647	2147483647	2147483647	2147483647	2147483647	
2147483647	2147483647	2147483647	2147483647	2147483647	2147483647	2147483647	2147483647	557	2147483647	826	390	2147483647	604	602	399	2147483647	2147483647	2147483647	2147483647	2147483647	2147483647	2147483647	2147483647	2147483647	2147483647	2147483647	2147483647	2147483647	2147483647	2147483647	2147483647	2147483647	2147483647	2147483647	2147483647	2147483647	2147483647	2147483647	2147483647	2147483647	2147483647	2147483647	2147483647	2147483647	2147483647	2147483647	2147483647	2147483647	2147483647	2147483647	2147483647	2147483647	2147483647	2147483647	2147483647	2147483647	2147483647	2147483647	2147483647	2147483647	2147483647	2147483647	2147483647	
2147483647	2147483647	2147483647	2147483647	2147483647	2147483647	2147483647	758	2147483647	2147483647	2147483647	2147483647	2147483647	2147483647	2147483647	2147483647	2147483647	2147483647	2147483647	2147483647	2147483647	2147483647	2147483647	2147483647	2147483647	2147483647	2147483647	2147483647	2147483647	2147483647	2147483647	2147483647	2147483647	2147483647	2147483647	2147483647	2147483647	2147483647	2147483647	2147483647	2147483647	2147483647	2147483647	2147483647	2147483647	2147483647	2147483647	2147483647	2147483647	2147483647	2147483647	2147483647	2147483647	2147483647	2147483647	2147483647	2147483647	2147483647	2147483647	2147483647	2147483647	2147483647	2147483647	2147483647	
2147483647	2147483647	2147483647	2147483647	2147483647	2147483647	2147483647	2147483647	2147483647	2147483647	2147483647	2147483647	700	2147483647	2147483647	2147483647	2147483647	2147483647	653	637	2147483647	776	2147483647	2147483647	2147483647	2147483647	2147483647	2147483647	2147483647	2147483647	2147483647	2147483647	2147483647	2147483647	2147483647	2147483647	2147483647	2147483647	2147483647	2147483647	2147483647	2147483647	2147483647	2147483647	2147483647	2147483647	2147483647	2147483647	2147483647	2147483647	2147483647	2147483647	2147483647	2147483647	2147483647	2147483647	2147483647	2147483647	2147483647	2147483647	2147483647	2147483647	2147483647	2147483647	
2147483647	2147483647	2147483647	2147483647	2147483647	2147483647	2147483647	597	2147483647	2147483647	2147483647	2147483647	2147483647	2147483647	2147483647	2147483647	2147483647	2147483647	2147483647	2147483647	2147483647	2147483647	2147483647	2147483647	2147483647	2147483647	2147483647	2147483647	2147483647	2147483647	2147483647	2147483647	2147483647	2147483647	2147483647	2147483647	2147483647	2147483647	2147483647	2147483647	2147483647	2147483647	2147483647	2147483647	2147483647	2147483647	2147483647	2147483647	2147483647	2147483647	2147483647	2147483647	2147483647	2147483647	2147483647	2147483647	2147483647	2147483647	2147483647	2147483647	2147483647	2147483647	2147483647	2147483647	
2147483647	2147483647	2147483647	2147483647	2147483647	2147483647	2147483647	2147483647	2147483647	2147483647	2147483647	2147483647	2147483647	2147483647	2147483647	2147483647	2147483647	755	493	462	493	390	483	442	2147483647	2147483647	2147483647	2147483647	2147483647	2147483647	2147483647	2147483647	2147483647	2147483647	2147483647	2147483647	2147483647	2147483647	2147483647	2147483647	2147483647	2147483647	2147483647	2147483647	2147483647	2147483647	2147483647	2147483647	2147483647	2147483647	2147483647	2147483647	2147483647	2147483647	2147483647	2147483647	2147483647	2147483647	2147483647	2147483647	2147483647	2147483647	2147483647	2147483647	
795	2147483647	2147483647	2147483647	2147483647	2147483647	2147483647	2147483647	2147483647	2147483647	2147483647	2147483647	2147483647	2147483647	2147483647	2147483647	2147483647	2147483647	2147483647	2147483647	2147483647	2147483647	2147483647	2147483647	2147483647	2147483647	2147483647	2147483647	2147483647	2147483647	2147483647	2147483647	2147483647	2147483647	2147483647	2147483647	2147483647	2147483647	2147483647	2147483647	2147483647	2147483647	2147483647	2147483647	2147483647	2147483647	2147483647	2147483647	2147483647	2147483647	2147483647	2147483647	2147483647	2147483647	2147483647	2147483647	2147483647	2147483647	2147483647	2147483647	2147483647	2147483647	2147483647	2147483647	
2147483647	2147483647	2147483647	790	853	2147483647	2147483647	2147483647	2147483647	2147483647	2147483647	2147483647	2147483647	2147483647	2147483647	2147483647	2147483647	2147483647	2147483647	2147483647	2147483647	2147483647	2147483647	2147483647	2147483647	809	845	2147483647	2147483647	2147483647	2147483647	583	365	385	379	330	176	683	325	211	2147483647	2147483647	2147483647	2147483647	2147483647	2147483647	798	809	2147483647	2147483647	2147483647	2147483647	2147483647	2147483647	2147483647	2147483647	2147483647	2147483647	2147483647	2147483647	2147483647	2147483647	2147483647	2147483647	
2147483647	2147483647	2147483647	2147483647	2147483647	2147483647	2147483647	808	2147483647	2147483647	2147483647	2147483647	2147483647	2147483647	2147483647	2147483647	2147483647	2147483647	2147483647	2147483647	2147483647	2147483647	2147483647	2147483647	2147483647	2147483647	2147483647	2147483647	2147483647	2147483647	2147483647	2147483647	2147483647	2147483647	2147483647	2147483647	2147483647	2147483647	2147483647	2147483647	2147483647	2147483647	2147483647	2147483647	2147483647	2147483647	2147483647	2147483647	2147483647	2147483647	2147483647	2147483647	2147483647	2147483647	2147483647	2147483647	611	334	370	496	629	797	573	816	
2147483647	2147483647	2147483647	2147483647	2147483647	2147483647	2147483647	2147483647	2147483647	2147483647	2147483647	2147483647	2147483647	2147483647	2147483647	2147483647	2147483647	2147483647	2147483647	2147483647	2147483647	2147483647	2147483647	2147483647	2147483647	2147483647	2147483647	2147483647	2147483647	2147483647	2147483647	2147483647	2147483647	2147483647	2147483647	2147483647	2147483647	2147483647	2147483647	2147483647	2147483647	2147483647	2147483647	2147483647	2147483647	2147483647	2147483647	2147483647	2147483647	2147483647	2147483647	544	667	751	439	391	2147483647	2147483647	2147483647	2147483647	2147483647	2147483647	2147483647	2147483647	
2147483647	2147483647	2147483647	2147483647	2147483647	2147483647	2147483647	802	2147483647	2147483647	2147483647	2147483647	2147483647	2147483647	2147483647	2147483647	2147483647	2147483647	2147483647	2147483647	2147483647	2147483647	2147483647	2147483647	2147483647	2147483647	2147483647	2147483647	2147483647	2147483647	2147483647	2147483647	2147483647	2147483647	2147483647	2147483647	2147483647	2147483647	2147483647	2147483647	2147483647	2147483647	2147483647	2147483647	2147483647	2147483647	2147483647	2147483647	2147483647	2147483647	2147483647	2147483647	2147483647	2147483647	2147483647	2147483647	2147483647	2147483647	2147483647	2147483647	2147483647	2147483647	2147483647	2147483647	
2147483647	2147483647	2147483647	2147483647	2147483647	2147483647	2147483647	2147483647	2147483647	2147483647	2147483647	2147483647	2147483647	2147483647	2147483647	2147483647	2147483647	2147483647	2147483647	2147483647	2147483647	2147483647	2147483647	2147483647	2147483647	2147483647	2147483647	2147483647	2147483647	2147483647	2147483647	2147483647	2147483647	2147483647	2147483647	2147483647	2147483647	2147483647	2147483647	2147483647	2147483647	2147483647	2147483647	2147483647	2147483647	2147483647	2147483647	2147483647	547	491	359	2147483647	2147483647	2147483647	2147483647	2147483647	2147483647	2147483647	2147483647	2147483647	2147483647	2147483647	2147483647	2147483647	
2147483647	2147483647	829	2147483647	2147483647	2147483647	2147483647	2147483647	2147483647	2147483647	2147483647	2147483647	788	2147483647	2147483647	2147483647	282	638	2147483647	2147483647	2147483647	2147483647	2147483647	2147483647	2147483647	2147483647	2147483647	2147483647	2147483647	2147483647	2147483647	2147483647	2147483647	2147483647	2147483647	2147483647	2147483647	2147483647	2147483647	2147483647	2147483647	2147483647	2147483647	2147483647	2147483647	2147483647	2147483647	2147483647	2147483647	2147483647	2147483647	2147483647	2147483647	2147483647	2147483647	2147483647	2147483647	2147483647	2147483647	2147483647	2147483647	2147483647	2147483647	2147483647	
2147483647	2147483647	2147483647	2147483647	2147483647	2147483647	398	2147483647	2147483647	2147483647	2147483647	2147483647	2147483647	2147483647	2147483647	2147483647	2147483647	2147483647	2147483647	2147483647	2147483647	2147483647	2147483647	2147483647	2147483647	2147483647	2147483647	2147483647	2147483647	2147483647	2147483647	2147483647	2147483647	2147483647	2147483647	2147483647	2147483647	2147483647	2147483647	2147483647	2147483647	2147483647	2147483647	2147483647	2147483647	2147483647	2147483647	2147483647	2147483647	2147483647	2147483647	2147483647	801	802	2147483647	2147483647	2147483647	2147483647	2147483647	2147483647	2147483647	2147483647	2147483647	2147483647	
2147483647	2147483647	2147483647	2147483647	2147483647	696	650	2147483647	2147483647	2147483647	2147483647	2147483647	2147483647	2147483647	2147483647	2147483647	2147483647	2147483647	2147483647	2147483647	2147483647	2147483647	2147483647	2147483647	2147483647	2147483647	2147483647	2147483647	2147483647	2147483647	2147483647	2147483647	2147483647	2147483647	2147483647	2147483647	2147483647	2147483647	2147483647	2147483647	2147483647	644	642	861	466	654	2147483647	2147483647	294	239	370	510	627	720	631	663	2147483647	2147483647	2147483647	2147483647	2147483647	2147483647	2147483647	2147483647	
2147483647	624	766	2147483647	2147483647	2147483647	2147483647	2147483647	2147483647	2147483647	2147483647	2147483647	2147483647	2147483647	2147483647	2147483647	572	2147483647	2147483647	2147483647	2147483647	2147483647	2147483647	2147483647	2147483647	2147483647	2147483647	2147483647	2147483647	2147483647	2147483647	2147483647	2147483647	2147483647	2147483647	2147483647	2147483647	2147483647	2147483647	2147483647	2147483647	2147483647	2147483647	2147483647	2147483647	2147483647	2147483647	2147483647	2147483647	2147483647	2147483647	2147483647	2147483647	2147483647	2147483647	2147483647	2147483647	2147483647	2147483647	2147483647	2147483647	2147483647	2147483647	2147483647	
2147483647	2147483647	2147483647	2147483647	2147483647	2147483647	2147483647	2147483647	2147483647	2147483647	2147483647	2147483647	2147483647	2147483647	2147483647	2147483647	2147483647	2147483647	2147483647	2147483647	2147483647	2147483647	2147483647	2147483647	2147483647	2147483647	2147483647	2147483647	2147483647	2147483647	2147483647	2147483647	2147483647	2147483647	2147483647	2147483647	2147483647	2147483647	2147483647	2147483647	2147483647	2147483647	2147483647	2147483647	2147483647	2147483647	833	2147483647	2147483647	2147483647	2147483647	2147483647	2147483647	2147483647	2147483647	2147483647	2147483647	2147483647	2147483647	2147483647	2147483647	2147483647	2147483647	2147483647	
2147483647	2147483647	2147483647	2147483647	2147483647	2147483647	2147483647	525	2147483647	2147483647	2147483647	2147483647	2147483647	2147483647	2147483647	2147483647	2147483647	2147483647	2147483647	2147483647	2147483647	2147483647	2147483647	2147483647	2147483647	2147483647	2147483647	2147483647	2147483647	2147483647	2147483647	2147483647	2147483647	2147483647	2147483647	2147483647	2147483647	2147483647	2147483647	2147483647	2147483647	2147483647	2147483647	2147483647	2147483647	2147483647	2147483647	2147483647	2147483647	2147483647	2147483647	2147483647	2147483647	2147483647	2147483647	2147483647	2147483647	684	705	788	2147483647	2147483647	2147483647	2147483647	
2147483647	2147483647	2147483647	2147483647	2147483647	2147483647	2147483647	2147483647	2147483647	2147483647	2147483647	2147483647	2147483647	2147483647	2147483647	2147483647	2147483647	2147483647	2147483647	2147483647	2147483647	2147483647	2147483647	2147483647	467	747	712	295	169	546	809	2147483647	2147483647	2147483647	2147483647	2147483647	2147483647	2147483647	2147483647	2147483647	2147483647	2147483647	2147483647	2147483647	2147483647	2147483647	2147483647	2147483647	2147483647	2147483647	2147483647	2147483647	2147483647	2147483647	2147483647	2147483647	2147483647	2147483647	2147483647	2147483647	2147483647	2147483647	2147483647	2147483647	
2147483647	2147483647	2147483647	2147483647	2147483647	2147483647	2147483647	2147483647	655	2147483647	779	699	2147483647	795	456	703	2147483647	2147483647	2147483647	863	548	651	623	714	2147483647	2147483647	2147483647	2147483647	2147483647	2147483647	2147483647	2147483647	2147483647	2147483647	2147483647	2147483647	2147483647	2147483647	2147483647	2147483647	2147483647	2147483647	2147483647	2147483647	2147483647	2147483647	2147483647	2147483647	2147483647	2147483647	2147483647	2147483647	2147483647	2147483647	2147483647	2147483647	2147483647	2147483647	2147483647	2147483647	2147483647	2147483647	2147483647	2147483647	
2147483647	2147483647	2147483647	2147483647	2147483647	2147483647	2147483647	2147483647	301	368	393	365	667	151	643	637	2147483647	2147483647	2147483647	2147483647	2147483647	2147483647	2147483647	2147483647	2147483647	2147483647	2147483647	2147483647	2147483647	2147483647	2147483647	2147483647	2147483647	2147483647	2147483647	2147483647	2147483647	2147483647	2147483647	2147483647	2147483647	2147483647	2147483647	2147483647	2147483647	2147483647	2147483647	2147483647	2147483647	2147483647	2147483647	2147483647	2147483647	2147483647	2147483647	2147483647	2147483647	2147483647	2147483647	2147483647	2147483647	2147483647	2147483647	2147483647	
2147483647	2147483647	2147483647	2147483647	2147483647	2147483647	2147483647	2147483647	2147483647	2147483647	2147483647	2147483647	2147483647	2147483647	2147483647	2147483647	2147483647	2147483647	2147483647	2147483647	2147483647	2147483647	2147483647	2147483647	2147483647	2147483647	2147483647	818	717	2147483647	2147483647	2147483647	2147483647	2147483647	2147483647	2147483647	2147483647	2147483647	2147483647	2147483647	2147483647	2147483647	2147483647	2147483647	2147483647	2147483647	2147483647	2147483647	2147483647	2147483647	2147483647	2147483647	2147483647	2147483647	2147483647	2147483647	2147483647	2147483647	2147483647	2147483647	2147483647	2147483647	2147483647	2147483647	
2147483647	2147483647	2147483647	2147483647	2147483647	2147483647	2147483647	2147483647	2147483647	2147483647	2147483647	2147483647	2147483647	2147483647	2147483647	2147483647	2147483647	2147483647	2147483647	2147483647	2147483647	2147483647	2147483647	2147483647	2147483647	2147483647	2147483647	2147483647	2147483647	2147483647	2147483647	2147483647	2147483647	2147483647	2147483647	2147483647	2147483647	2147483647	2147483647	2147483647	2147483647	2147483647	2147483647	2147483647	2147483647	2147483647	2147483647	2147483647	719	684	553	2147483647	2147483647	2147483647	2147483647	2147483647	2147483647	2147483647	2147483647	2147483647	2147483647	2147483647	2147483647	2147483647	
2147483647	2147483647	2147483647	2147483647	2147483647	2147483647	2147483647	2147483647	2147483647	2147483647	2147483647	2147483647	2147483647	2147483647	2147483647	2147483647	806	544	807	2147483647	2147483647	2147483647	2147483647	2147483647	2147483647	2147483647	2147483647	2147483647	2147483647	2147483647	2147483647	2147483647	2147483647	2147483647	2147483647	2147483647	2147483647	2147483647	2147483647	2147483647	2147483647	2147483647	2147483647	2147483647	2147483647	2147483647	2147483647	2147483647	2147483647	2147483647	2147483647	2147483647	2147483647	2147483647	2147483647	2147483647	2147483647	2147483647	2147483647	2147483647	2147483647	2147483647	2147483647	2147483647	
2147483647	2147483647	2147483647	2147483647	2147483647	718	2147483647	2147483647	2147483647	2147483647	2147483647	2147483647	2147483647	2147483647	2147483647	2147483647	2147483647	2147483647	2147483647	2147483647	2147483647	2147483647	2147483647	2147483647	2147483647	2147483647	2147483647	2147483647	2147483647	2147483647	2147483647	2147483647	2147483647	2147483647	2147483647	2147483647	2147483647	2147483647	2147483647	2147483647	2147483647	2147483647	850	2147483647	2147483647	768	2147483647	2147483647	2147483647	2147483647	2147483647	294	593	686	315	293	2147483647	2147483647	2147483647	2147483647	2147483647	2147483647	2147483647	2147483647	
2147483647	2147483647	2147483647	2147483647	2147483647	2147483647	2147483647	2147483647	596	624	443	764	2147483647	584	695	2147483647	2147483647	2147483647	713	682	367	470	680	771	2147483647	2147483647	2147483647	2147483647	2147483647	2147483647	2147483647	2147483647	2147483647	2147483647	2147483647	2147483647	2147483647	2147483647	2147483647	2147483647	2147483647	2147483647	2147483647	2147483647	2147483647	2147483647	2147483647	2147483647	2147483647	2147483647	2147483647	2147483647	2147483647	2147483647	2147483647	2147483647	2147483647	2147483647	2147483647	2147483647	2147483647	2147483647	2147483647	2147483647	
2147483647	2147483647	2147483647	2147483647	2147483647	2147483647	2147483647	2147483647	2147483647	2147483647	2147483647	2147483647	2147483647	2147483647	2147483647	2147483647	2147483647	2147483647	2147483647	2147483647	2147483647	2147483647	2147483647	2147483647	2147483647	2147483647	2147483647	2147483647	2147483647	2147483647	2147483647	2147483647	2147483647	2147483647	2147483647	2147483647	2147483647	2147483647	2147483647	2147483647	2147483647	2147483647	2147483647	2147483647	2147483647	2147483647	2147483647	2147483647	2147483647	2147483647	2147483647	856	2147483647	2147483647	750	703	2147483647	2147483647	2147483647	2147483647	2147483647	2147483647	2147483647	2147483647	
2147483647	2147483647	2147483647	2147483647	2147483647	2147483647	2147483647	2147483647	2147483647	2147483647	2147483647	2147483647	2147483647	2147483647	2147483647	2147483647	2147483647	2147483647	2147483647	2147483647	2147483647	2147483647	2147483647	2147483647	2147483647	2147483647	2147483647	2147483647	2147483647	2147483647	2147483647	2147483647	2147483647	2147483647	2147483647	2147483647	2147483647	2147483647	2147483647	2147483647	2147483647	2147483647	2147483647	2147483647	2147483647	2147483647	2147483647	2147483647	2147483647	2147483647	2147483647	763	2147483647	2147483647	658	611	2147483647	2147483647	2147483647	2147483647	2147483647	2147483647	2147483647	2147483647	
693	2147483647	2147483647	2147483647	2147483647	2147483647	2147483647	2147483647	2147483647	2147483647	2147483647	2147483647	2147483647	2147483647	2147483647	2147483647	2147483647	2147483647	2147483647	2147483647	2147483647	2147483647	2147483647	2147483647	2147483647	2147483647	2147483647	2147483647	2147483647	2147483647	2147483647	2147483647	2147483647	2147483647	2147483647	2147483647	2147483647	2147483647	2147483647	2147483647	2147483647	2147483647	2147483647	2147483647	2147483647	2147483647	2147483647	2147483647	2147483647	2147483647	2147483647	2147483647	2147483647	2147483647	2147483647	2147483647	2147483647	2147483647	2147483647	2147483647	2147483647	2147483647	2147483647	2147483647	
2147483647	2147483647	2147483647	2147483647	2147483647	2147483647	2147483647	2147483647	2147483647	2147483647	2147483647	2147483647	2147483647	2147483647	2147483647	2147483647	2147483647	2147483647	2147483647	2147483647	2147483647	2147483647	2147483647	2147483647	726	2147483647	2147483647	555	394	730	2147483647	2147483647	2147483647	2147483647	2147483647	2147483647	2147483647	2147483647	2147483647	2147483647	2147483647	2147483647	2147483647	2147483647	2147483647	2147483647	2147483647	2147483647	2147483647	2147483647	2147483647	2147483647	2147483647	2147483647	2147483647	2147483647	2147483647	2147483647	2147483647	2147483647	2147483647	2147483647	2147483647	2147483647	
2147483647	2147483647	2147483647	2147483647	2147483647	2147483647	2147483647	2147483647	2147483647	2147483647	2147483647	2147483647	2147483647	2147483647	2147483647	2147483647	2147483647	2147483647	2147483647	2147483647	2147483647	2147483647	2147483647	787	2147483647	2147483647	2147483647	2147483647	2147483647	2147483647	2147483647	2147483647	2147483647	2147483647	2147483647	2147483647	2147483647	2147483647	2147483647	2147483647	2147483647	2147483647	2147483647	2147483647	2147483647	2147483647	2147483647	2147483647	2147483647	2147483647	2147483647	2147483647	2147483647	2147483647	2147483647	2147483647	2147483647	2147483647	2147483647	2147483647	2147483647	2147483647	2147483647	2147483647	
2147483647	642	2147483647	2147483647	2147483647	2147483647	2147483647	2147483647	2147483647	2147483647	2147483647	2147483647	2147483647	2147483647	2147483647	2147483647	2147483647	2147483647	2147483647	2147483647	2147483647	2147483647	2147483647	2147483647	2147483647	2147483647	2147483647	2147483647	2147483647	2147483647	2147483647	2147483647	2147483647	2147483647	2147483647	2147483647	2147483647	2147483647	2147483647	2147483647	2147483647	2147483647	2147483647	2147483647	2147483647	2147483647	2147483647	2147483647	2147483647	2147483647	2147483647	2147483647	2147483647	2147483647	2147483647	2147483647	2147483647	2147483647	2147483647	2147483647	2147483647	2147483647	2147483647	2147483647	
2147483647	2147483647	2147483647	2147483647	2147483647	2147483647	2147483647	2147483647	2147483647	2147483647	2147483647	2147483647	2147483647	2147483647	2147483647	2147483647	2147483647	2147483647	2147483647	2147483647	2147483647	2147483647	2147483647	2147483647	2147483647	2147483647	2147483647	2147483647	2147483647	2147483647	2147483647	694	2147483647	2147483647	2147483647	2147483647	2147483647	2147483647	2147483647	2147483647	2147483647	2147483647	2147483647	2147483647	2147483647	2147483647	2147483647	2147483647	2147483647	2147483647	2147483647	2147483647	2147483647	2147483647	2147483647	2147483647	2147483647	2147483647	2147483647	2147483647	2147483647	2147483647	2147483647	2147483647	
2147483647	2147483647	2147483647	2147483647	2147483647	2147483647	2147483647	2147483647	804	2147483647	2147483647	791	2147483647	2147483647	475	624	2147483647	2147483647	2147483647	2147483647	821	2147483647	849	2147483647	2147483647	2147483647	2147483647	2147483647	2147483647	2147483647	2147483647	2147483647	2147483647	2147483647	2147483647	2147483647	2147483647	2147483647	2147483647	2147483647	2147483647	2147483647	2147483647	2147483647	2147483647	2147483647	2147483647	2147483647	2147483647	2147483647	2147483647	2147483647	2147483647	2147483647	2147483647	2147483647	2147483647	2147483647	2147483647	2147483647	2147483647	2147483647	2147483647	2147483647	
